item_id,timestamp,qty_sold,rain,temperature_mean,ipc,moral_menages,qty_sold_log
category1_08,2022-01-31,28,2.211111111111111,7.57037037037037,95.59,98.0,3.367295829986474
category1_08,2022-02-07,28,2.211111111111111,7.57037037037037,96.67,98.0,3.367295829986474
category1_08,2022-02-14,27,2.211111111111111,7.57037037037037,96.67,98.0,3.332204510175204
category1_08,2022-02-21,33,2.211111111111111,7.57037037037037,96.67,98.0,3.5263605246161616
category1_08,2022-02-28,17,2.211111111111111,7.57037037037037,96.67,98.0,2.8903717578961645
category1_08,2022-03-07,32,2.211111111111111,7.57037037037037,103.28,89.0,3.4965075614664802
category1_08,2022-03-14,21,2.211111111111111,7.57037037037037,103.28,89.0,3.091042453358316
category1_08,2022-03-21,45,2.211111111111111,7.57037037037037,103.28,89.0,3.828641396489095
category1_08,2022-03-28,58,2.211111111111111,7.57037037037037,103.28,89.0,4.07753744390572
category1_08,2022-04-04,56,2.211111111111111,7.57037037037037,104.4,87.0,4.04305126783455
category1_08,2022-04-11,37,2.211111111111111,7.57037037037037,104.4,87.0,3.6375861597263857
category1_08,2022-04-18,42,2.211111111111111,7.57037037037037,104.4,87.0,3.7612001156935624
category1_08,2022-04-25,71,2.211111111111111,7.57037037037037,104.4,87.0,4.276666119016055
category1_08,2022-05-02,45,2.211111111111111,7.57037037037037,104.98,85.0,3.828641396489095
category1_08,2022-05-09,50,2.211111111111111,7.57037037037037,104.98,85.0,3.9318256327243257
category1_08,2022-05-16,60,2.211111111111111,7.57037037037037,104.98,85.0,4.110873864173311
category1_08,2022-05-23,57,2.211111111111111,7.57037037037037,104.98,85.0,4.060443010546419
category1_08,2022-05-30,66,2.211111111111111,7.57037037037037,104.98,85.0,4.204692619390966
category1_08,2022-06-06,60,2.211111111111111,7.57037037037037,103.08,82.0,4.110873864173311
category1_08,2022-06-13,54,2.211111111111111,7.57037037037037,103.08,82.0,4.007333185232471
category1_08,2022-06-20,57,2.211111111111111,7.57037037037037,103.08,82.0,4.060443010546419
category1_08,2022-06-27,66,2.211111111111111,7.57037037037037,103.08,82.0,4.204692619390966
category1_08,2022-07-04,80,2.211111111111111,7.57037037037037,93.07,80.0,4.394449154672439
category1_08,2022-07-11,92,2.211111111111111,7.57037037037037,93.07,80.0,4.532599493153256
category1_08,2022-07-18,90,2.211111111111111,7.57037037037037,93.07,80.0,4.51085950651685
category1_08,2022-07-25,76,2.211111111111111,7.57037037037037,93.07,80.0,4.343805421853684
category1_08,2022-08-01,74,2.211111111111111,7.57037037037037,99.93,83.0,4.31748811353631
category1_08,2022-08-08,78,2.211111111111111,7.57037037037037,99.93,83.0,4.3694478524670215
category1_08,2022-08-15,50,2.211111111111111,7.57037037037037,99.93,83.0,3.9318256327243257
category1_08,2022-08-22,38,2.211111111111111,7.57037037037037,99.93,83.0,3.6635616461296463
category1_08,2022-08-29,55,2.211111111111111,7.57037037037037,99.93,83.0,4.02535169073515
category1_08,2022-09-05,53,2.211111111111111,7.57037037037037,104.82,81.0,3.9889840465642745
category1_08,2022-09-12,32,2.211111111111111,7.57037037037037,104.82,81.0,3.4965075614664802
category1_08,2022-09-19,49,2.211111111111111,7.57037037037037,104.82,81.0,3.912023005428146
category1_08,2022-09-26,45,2.211111111111111,7.57037037037037,104.82,81.0,3.828641396489095
category1_08,2022-10-03,39,2.211111111111111,7.57037037037037,106.15,83.0,3.6888794541139363
category1_08,2022-10-10,29,2.211111111111111,7.57037037037037,106.15,83.0,3.4011973816621555
category1_08,2022-10-17,31,2.211111111111111,7.57037037037037,106.15,83.0,3.4657359027997265
category1_08,2022-10-24,42,2.211111111111111,7.57037037037037,106.15,83.0,3.7612001156935624
category1_08,2022-10-31,40,2.211111111111111,7.57037037037037,106.15,83.0,3.713572066704308
category1_08,2022-11-07,20,2.211111111111111,7.57037037037037,106.69,84.0,3.044522437723423
category1_08,2022-11-14,35,2.211111111111111,7.57037037037037,106.69,84.0,3.58351893845611
category1_08,2022-11-21,29,2.211111111111111,7.57037037037037,106.69,84.0,3.4011973816621555
category1_08,2022-11-28,31,2.211111111111111,7.57037037037037,106.69,84.0,3.4657359027997265
category1_08,2022-12-05,38,2.211111111111111,7.57037037037037,107.01,82.0,3.6635616461296463
category1_08,2022-12-12,47,2.211111111111111,7.57037037037037,107.01,82.0,3.871201010907891
category1_08,2022-12-19,45,2.211111111111111,7.57037037037037,107.01,82.0,3.828641396489095
category1_08,2022-12-26,104,2.211111111111111,7.57037037037037,107.01,82.0,4.653960350157523
category1_08,2023-01-02,34,2.211111111111111,7.57037037037037,97.87,82.0,3.5553480614894135
category1_08,2023-01-09,29,2.211111111111111,7.57037037037037,97.87,82.0,3.4011973816621555
category1_08,2023-01-16,37,2.211111111111111,7.57037037037037,97.87,82.0,3.6375861597263857
category1_08,2023-01-23,16,2.211111111111111,7.57037037037037,97.87,82.0,2.833213344056216
category1_08,2023-01-30,23,2.211111111111111,7.57037037037037,97.87,82.0,3.1780538303479458
category1_08,2023-02-06,22,2.211111111111111,7.57037037037037,98.91,82.0,3.1354942159291497
category1_08,2023-02-13,33,2.211111111111111,7.57037037037037,98.91,82.0,3.5263605246161616
category1_08,2023-02-20,41,2.211111111111111,7.57037037037037,98.91,82.0,3.7376696182833684
category1_08,2023-02-27,25,2.211111111111111,7.57037037037037,98.91,82.0,3.258096538021482
category1_08,2023-03-06,30,2.211111111111111,7.57037037037037,106.24,81.0,3.4339872044851463
category1_08,2023-03-13,25,2.211111111111111,7.57037037037037,106.24,81.0,3.258096538021482
category1_08,2023-03-20,24,2.211111111111111,7.57037037037037,106.24,81.0,3.2188758248682006
category1_08,2023-03-27,29,2.211111111111111,7.57037037037037,106.24,81.0,3.4011973816621555
category1_08,2023-04-03,18,2.211111111111111,7.57037037037037,107.19,83.0,2.9444389791664403
category1_08,2023-04-10,34,2.211111111111111,7.57037037037037,107.19,83.0,3.5553480614894135
category1_08,2023-04-17,43,2.211111111111111,7.57037037037037,107.19,83.0,3.784189633918261
category1_08,2023-04-24,33,2.211111111111111,7.57037037037037,107.19,83.0,3.5263605246161616
category1_08,2023-05-01,16,2.211111111111111,7.57037037037037,107.72,84.0,2.833213344056216
category1_08,2023-05-08,34,2.211111111111111,7.57037037037037,107.72,84.0,3.5553480614894135
category1_08,2023-05-15,34,2.211111111111111,7.57037037037037,107.72,84.0,3.5553480614894135
category1_08,2023-05-22,42,2.211111111111111,7.57037037037037,107.72,84.0,3.7612001156935624
category1_08,2023-05-29,48,2.211111111111111,7.57037037037037,107.72,84.0,3.8918202981106265
category1_08,2023-06-05,44,2.211111111111111,7.57037037037037,108.08,86.0,3.8066624897703196
category1_08,2023-06-12,54,2.211111111111111,7.57037037037037,108.08,86.0,4.007333185232471
category1_08,2023-06-19,54,2.211111111111111,7.57037037037037,108.08,86.0,4.007333185232471
category1_08,2023-06-26,47,2.211111111111111,7.57037037037037,108.08,86.0,3.871201010907891
category1_08,2023-07-03,60,2.211111111111111,7.57037037037037,96.25,87.0,4.110873864173311
category1_08,2023-07-10,57,2.211111111111111,7.57037037037037,96.25,87.0,4.060443010546419
category1_08,2023-07-17,48,2.211111111111111,7.57037037037037,96.25,87.0,3.8918202981106265
category1_08,2023-07-24,59,2.211111111111111,7.57037037037037,96.25,87.0,4.0943445622221
category1_08,2023-07-31,41,2.211111111111111,7.57037037037037,96.25,87.0,3.7376696182833684
category1_08,2023-08-07,23,2.211111111111111,7.57037037037037,102.08,85.0,3.1780538303479458
category1_08,2023-08-14,21,2.211111111111111,7.57037037037037,102.08,85.0,3.091042453358316
category1_08,2023-08-21,25,2.211111111111111,7.57037037037037,102.08,85.0,3.258096538021482
category1_08,2023-08-28,27,2.211111111111111,7.57037037037037,102.08,85.0,3.332204510175204
category1_08,2023-09-04,50,2.211111111111111,7.57037037037037,107.45,84.0,3.9318256327243257
category1_08,2023-09-11,43,2.211111111111111,7.57037037037037,107.45,84.0,3.784189633918261
category1_08,2023-09-18,50,2.211111111111111,7.57037037037037,107.45,84.0,3.9318256327243257
category1_08,2023-09-25,41,2.211111111111111,7.57037037037037,107.45,84.0,3.7376696182833684
category1_08,2023-10-02,41,2.211111111111111,7.57037037037037,108.21,85.0,3.7376696182833684
category1_08,2023-10-09,44,2.211111111111111,7.57037037037037,108.21,85.0,3.8066624897703196
category1_08,2023-10-16,46,2.211111111111111,7.57037037037037,108.21,85.0,3.8501476017100584
category1_08,2023-10-23,20,2.211111111111111,7.57037037037037,108.21,85.0,3.044522437723423
category1_08,2023-10-30,20,2.211111111111111,7.57037037037037,108.21,85.0,3.044522437723423
category1_08,2023-11-06,22,2.211111111111111,7.57037037037037,108.59,89.0,3.1354942159291497
category1_08,2023-11-13,36,2.211111111111111,7.57037037037037,108.59,89.0,3.6109179126442243
category1_08,2023-11-20,24,2.211111111111111,7.57037037037037,108.59,89.0,3.2188758248682006
category1_08,2023-11-27,53,2.211111111111111,7.57037037037037,108.59,89.0,3.9889840465642745
category1_08,2023-12-04,32,2.211111111111111,7.57037037037037,108.22,89.0,3.4965075614664802
category1_08,2023-12-11,48,2.211111111111111,7.57037037037037,108.22,89.0,3.8918202981106265
category1_08,2023-12-18,69,2.211111111111111,7.57037037037037,108.22,89.0,4.248495242049359
category1_08,2023-12-25,72,2.211111111111111,7.57037037037037,108.22,89.0,4.290459441148391
category1_08,2024-01-01,37,2.211111111111111,7.57037037037037,98.31,91.0,3.6375861597263857
category1_08,2024-01-08,21,3.9518518518518517,6.703703703703703,98.31,91.0,3.091042453358316
category1_08,2024-01-15,29,1.128042328042328,1.1857142857142857,98.31,91.0,3.4011973816621555
category1_08,2024-01-22,25,4.2100529100529105,3.642857142857143,98.31,91.0,3.258096538021482
category1_08,2024-01-29,30,0.46825396825396826,8.61058201058201,98.31,91.0,3.4339872044851463
category1_08,2024-02-05,26,0.28835978835978837,8.133862433862433,99.81,89.0,3.295836866004329
category1_08,2024-02-12,21,5.998941798941798,9.248677248677248,99.81,89.0,3.091042453358316
category1_08,2024-02-19,26,1.307936507936508,10.203174603174604,99.81,89.0,3.295836866004329
category1_08,2024-02-26,19,6.8164021164021165,8.204232804232804,99.81,89.0,2.995732273553991
category1_08,2024-03-04,18,4.467195767195767,7.7026455026455025,106.63,91.0,2.9444389791664403
category1_08,2024-03-11,31,4.955555555555556,7.776190476190476,106.63,91.0,3.4657359027997265
category1_08,2024-03-18,40,1.8957671957671958,11.357671957671958,106.63,91.0,3.713572066704308
category1_08,2024-03-25,35,1.0015873015873016,10.713756613756614,106.63,91.0,3.58351893845611
category1_08,2024-04-01,20,8.231746031746031,10.396825396825397,107.91,90.0,3.044522437723423
category1_08,2024-04-08,32,2.883068783068783,14.37142857142857,107.91,90.0,3.4965075614664802
category1_08,2024-04-15,34,1.2396825396825397,13.694179894179893,107.91,90.0,3.5553480614894135
category1_08,2024-04-22,39,1.6973544973544974,8.6994708994709,107.91,90.0,3.6888794541139363
category1_08,2024-04-29,22,3.605820105820106,10.203174603174604,107.91,90.0,3.1354942159291497
category1_08,2024-05-06,26,5.556613756613757,13.23015873015873,108.34,91.0,3.295836866004329
category1_08,2024-05-13,41,1.3481481481481483,15.81904761904762,108.34,91.0,3.7376696182833684
category1_08,2024-05-20,22,5.607936507936508,14.936507936507937,108.34,91.0,3.1354942159291497
category1_08,2024-05-27,40,3.3952380952380956,15.543915343915344,108.34,91.0,3.713572066704308
category1_08,2024-06-03,48,2.4534391534391533,15.644973544973546,108.76,90.0,3.8918202981106265
category1_08,2024-06-10,57,1.6343915343915343,17.074074074074073,108.76,90.0,4.060443010546419
category1_08,2024-06-17,48,2.4857142857142858,16.228042328042328,108.76,90.0,3.8918202981106265
category1_08,2024-06-24,33,4.9,19.126984126984127,108.76,90.0,3.5263605246161616
category1_08,2024-07-01,30,2.522222222222222,20.703174603174602,97.09,91.0,3.4339872044851463
category1_08,2024-07-08,29,1.4851851851851852,18.521164021164022,97.09,91.0,3.4011973816621555
category1_08,2024-07-15,30,3.42962962962963,20.484126984126984,97.09,91.0,3.4339872044851463
category1_08,2024-07-22,17,1.744973544973545,22.1962962962963,97.09,91.0,2.8903717578961645
category1_08,2024-07-29,26,1.5772486772486773,22.0010582010582,97.09,91.0,3.295836866004329
category1_08,2024-08-05,27,1.5994708994708995,23.568253968253966,103.1,92.0,3.332204510175204
category1_08,2024-08-12,33,0.35608465608465606,23.825396825396826,103.1,92.0,3.5263605246161616
category1_08,2024-08-19,20,3.3312169312169315,21.680423280423284,103.1,92.0,3.044522437723423
category1_08,2024-08-26,22,1.8343915343915342,20.19153439153439,103.1,92.0,3.1354942159291497
category1_08,2024-09-02,32,1.4264550264550266,22.142857142857142,107.23,95.0,3.4965075614664802
category1_08,2024-09-09,52,8.315343915343915,18.90793650793651,107.23,95.0,3.970291913552122
category1_08,2024-09-16,30,1.4407407407407409,14.183068783068782,107.23,95.0,3.4339872044851463
category1_08,2024-09-23,34,3.591534391534392,17.242857142857144,107.23,95.0,3.5553480614894135
category1_08,2024-09-30,23,4.231746031746032,14.762962962962963,107.23,95.0,3.1780538303479458
category1_08,2024-10-07,21,2.8814814814814818,13.747089947089947,108.34,94.0,3.091042453358316
category1_08,2024-10-14,15,6.743915343915344,14.566137566137566,108.34,94.0,2.772588722239781
category1_08,2024-10-21,18,5.724867724867725,16.144973544973546,108.34,94.0,2.9444389791664403
category1_08,2024-10-28,26,2.8253968253968256,14.215873015873017,108.34,94.0,3.295836866004329
category1_08,2024-11-04,23,0.053968253968253964,12.713227513227514,108.52,90.0,3.1780538303479458
category1_08,2024-11-11,20,0.8222222222222223,11.462962962962964,108.52,90.0,3.044522437723423
category1_08,2024-11-18,18,1.2936507936507937,8.05026455026455,108.52,90.0,2.9444389791664403
category1_08,2024-11-25,19,5.595238095238095,8.264021164021164,108.52,90.0,2.995732273553991
category1_08,2024-12-02,23,1.8624338624338623,8.22010582010582,107.77,88.0,3.1780538303479458
category1_08,2024-12-09,28,2.9089947089947086,7.112169312169312,107.77,88.0,3.367295829986474
category1_08,2024-12-16,37,0.662962962962963,5.021164021164021,107.77,88.0,3.6375861597263857
category1_08,2024-12-23,71,3.1862433862433863,7.431746031746031,107.77,88.0,4.276666119016055
category1_08,2024-12-30,27,0.12751322751322752,4.542328042328043,107.77,88.0,3.332204510175204
category1_08,2025-01-06,13,4.523809523809524,5.835449735449736,99.99,92.0,2.6390573296152584
category1_08,2025-01-13,24,3.7285714285714286,4.728571428571429,99.99,92.0,3.2188758248682006
category1_08,2025-01-20,14,0.30158730158730157,1.8925925925925926,99.99,92.0,2.70805020110221
category1_08,2025-01-27,9,5.831216931216931,7.621693121693122,99.99,92.0,2.302585092994046
category1_08,2025-02-03,12,4.75026455026455,5.655026455026455,101.39,93.0,2.5649493574615367
category1_08,2025-02-10,12,2.13015873015873,4.928571428571429,101.39,93.0,2.5649493574615367
category1_08,2025-02-17,17,1.271957671957672,5.034391534391534,101.39,93.0,2.8903717578961645
category1_08,2025-02-24,12,1.7455026455026454,9.02169312169312,101.39,93.0,2.5649493574615367
category1_08,2025-03-03,12,1.9613756613756612,6.7592592592592595,107.21,91.0,2.5649493574615367
category1_08,2025-03-10,16,2.238095238095238,9.997883597883597,107.21,91.0,2.833213344056216
category1_08,2025-03-17,15,2.428042328042328,6.159259259259259,107.21,91.0,2.772588722239781
category1_08,2025-03-24,16,3.1492063492063496,10.62063492063492,107.21,91.0,2.833213344056216
category1_08,2025-03-31,27,0.4941798941798942,10.187301587301588,107.21,91.0,3.332204510175204
category1_08,2025-04-07,25,0.3058201058201058,12.570370370370371,108.06,91.0,3.258096538021482
category1_08,2025-04-14,36,1.5518518518518518,12.845502645502647,108.06,91.0,3.6109179126442243
category1_08,2025-04-21,20,6.33968253968254,12.154497354497353,108.06,91.0,3.044522437723423
category1_08,2025-04-28,26,1.6751322751322753,13.342857142857143,108.06,91.0,3.295836866004329
category1_08,2025-05-05,22,2.7740740740740737,16.935978835978837,108.39,88.0,3.1354942159291497
