item_id,timestamp,qty_sold,temperature_mean,rain,ipc,moral_menages,qty_sold_log
category1_08,2022-01-31,28,7.57037037037037,2.211111111111111,95.59,98.0,3.367295829986474
category1_08,2022-02-07,28,7.57037037037037,2.211111111111111,96.67,98.0,3.367295829986474
category1_08,2022-02-14,27,7.57037037037037,2.211111111111111,96.67,98.0,3.332204510175204
category1_08,2022-02-21,33,7.57037037037037,2.211111111111111,96.67,98.0,3.5263605246161616
category1_08,2022-02-28,17,7.57037037037037,2.211111111111111,96.67,98.0,2.8903717578961645
category1_08,2022-03-07,32,7.57037037037037,2.211111111111111,103.28,89.0,3.4965075614664802
category1_08,2022-03-14,21,7.57037037037037,2.211111111111111,103.28,89.0,3.091042453358316
category1_08,2022-03-21,45,7.57037037037037,2.211111111111111,103.28,89.0,3.828641396489095
category1_08,2022-03-28,58,7.57037037037037,2.211111111111111,103.28,89.0,4.07753744390572
category1_08,2022-04-04,56,7.57037037037037,2.211111111111111,104.4,87.0,4.04305126783455
category1_08,2022-04-11,37,7.57037037037037,2.211111111111111,104.4,87.0,3.6375861597263857
category1_08,2022-04-18,42,7.57037037037037,2.211111111111111,104.4,87.0,3.7612001156935624
category1_08,2022-04-25,71,7.57037037037037,2.211111111111111,104.4,87.0,4.276666119016055
category1_08,2022-05-02,45,7.57037037037037,2.211111111111111,104.98,85.0,3.828641396489095
category1_08,2022-05-09,50,7.57037037037037,2.211111111111111,104.98,85.0,3.9318256327243257
category1_08,2022-05-16,60,7.57037037037037,2.211111111111111,104.98,85.0,4.110873864173311
category1_08,2022-05-23,57,7.57037037037037,2.211111111111111,104.98,85.0,4.060443010546419
category1_08,2022-05-30,66,7.57037037037037,2.211111111111111,104.98,85.0,4.204692619390966
category1_08,2022-06-06,60,7.57037037037037,2.211111111111111,103.08,82.0,4.110873864173311
category1_08,2022-06-13,54,7.57037037037037,2.211111111111111,103.08,82.0,4.007333185232471
category1_08,2022-06-20,57,7.57037037037037,2.211111111111111,103.08,82.0,4.060443010546419
category1_08,2022-06-27,66,7.57037037037037,2.211111111111111,103.08,82.0,4.204692619390966
category1_08,2022-07-04,80,7.57037037037037,2.211111111111111,93.07,80.0,4.394449154672439
category1_08,2022-07-11,92,7.57037037037037,2.211111111111111,93.07,80.0,4.532599493153256
category1_08,2022-07-18,90,7.57037037037037,2.211111111111111,93.07,80.0,4.51085950651685
category1_08,2022-07-25,76,7.57037037037037,2.211111111111111,93.07,80.0,4.343805421853684
category1_08,2022-08-01,74,7.57037037037037,2.211111111111111,99.93,83.0,4.31748811353631
category1_08,2022-08-08,78,7.57037037037037,2.211111111111111,99.93,83.0,4.3694478524670215
category1_08,2022-08-15,50,7.57037037037037,2.211111111111111,99.93,83.0,3.9318256327243257
category1_08,2022-08-22,38,7.57037037037037,2.211111111111111,99.93,83.0,3.6635616461296463
category1_08,2022-08-29,55,7.57037037037037,2.211111111111111,99.93,83.0,4.02535169073515
category1_08,2022-09-05,53,7.57037037037037,2.211111111111111,104.82,81.0,3.9889840465642745
category1_08,2022-09-12,32,7.57037037037037,2.211111111111111,104.82,81.0,3.4965075614664802
category1_08,2022-09-19,49,7.57037037037037,2.211111111111111,104.82,81.0,3.912023005428146
category1_08,2022-09-26,45,7.57037037037037,2.211111111111111,104.82,81.0,3.828641396489095
category1_08,2022-10-03,39,7.57037037037037,2.211111111111111,106.15,83.0,3.6888794541139363
category1_08,2022-10-10,29,7.57037037037037,2.211111111111111,106.15,83.0,3.4011973816621555
category1_08,2022-10-17,31,7.57037037037037,2.211111111111111,106.15,83.0,3.4657359027997265
category1_08,2022-10-24,42,7.57037037037037,2.211111111111111,106.15,83.0,3.7612001156935624
category1_08,2022-10-31,40,7.57037037037037,2.211111111111111,106.15,83.0,3.713572066704308
category1_08,2022-11-07,20,7.57037037037037,2.211111111111111,106.69,84.0,3.044522437723423
category1_08,2022-11-14,35,7.57037037037037,2.211111111111111,106.69,84.0,3.58351893845611
category1_08,2022-11-21,29,7.57037037037037,2.211111111111111,106.69,84.0,3.4011973816621555
category1_08,2022-11-28,31,7.57037037037037,2.211111111111111,106.69,84.0,3.4657359027997265
category1_08,2022-12-05,38,7.57037037037037,2.211111111111111,107.01,82.0,3.6635616461296463
category1_08,2022-12-12,47,7.57037037037037,2.211111111111111,107.01,82.0,3.871201010907891
category1_08,2022-12-19,45,7.57037037037037,2.211111111111111,107.01,82.0,3.828641396489095
category1_08,2022-12-26,104,7.57037037037037,2.211111111111111,107.01,82.0,4.653960350157523
category1_08,2023-01-02,34,7.57037037037037,2.211111111111111,97.87,82.0,3.5553480614894135
category1_08,2023-01-09,29,7.57037037037037,2.211111111111111,97.87,82.0,3.4011973816621555
category1_08,2023-01-16,37,7.57037037037037,2.211111111111111,97.87,82.0,3.6375861597263857
category1_08,2023-01-23,16,7.57037037037037,2.211111111111111,97.87,82.0,2.833213344056216
category1_08,2023-01-30,23,7.57037037037037,2.211111111111111,97.87,82.0,3.1780538303479458
category1_08,2023-02-06,22,7.57037037037037,2.211111111111111,98.91,82.0,3.1354942159291497
category1_08,2023-02-13,33,7.57037037037037,2.211111111111111,98.91,82.0,3.5263605246161616
category1_08,2023-02-20,41,7.57037037037037,2.211111111111111,98.91,82.0,3.7376696182833684
category1_08,2023-02-27,25,7.57037037037037,2.211111111111111,98.91,82.0,3.258096538021482
category1_08,2023-03-06,30,7.57037037037037,2.211111111111111,106.24,81.0,3.4339872044851463
category1_08,2023-03-13,25,7.57037037037037,2.211111111111111,106.24,81.0,3.258096538021482
category1_08,2023-03-20,24,7.57037037037037,2.211111111111111,106.24,81.0,3.2188758248682006
category1_08,2023-03-27,29,7.57037037037037,2.211111111111111,106.24,81.0,3.4011973816621555
category1_08,2023-04-03,18,7.57037037037037,2.211111111111111,107.19,83.0,2.9444389791664403
category1_08,2023-04-10,34,7.57037037037037,2.211111111111111,107.19,83.0,3.5553480614894135
category1_08,2023-04-17,43,7.57037037037037,2.211111111111111,107.19,83.0,3.784189633918261
category1_08,2023-04-24,33,7.57037037037037,2.211111111111111,107.19,83.0,3.5263605246161616
category1_08,2023-05-01,16,7.57037037037037,2.211111111111111,107.72,84.0,2.833213344056216
category1_08,2023-05-08,34,7.57037037037037,2.211111111111111,107.72,84.0,3.5553480614894135
category1_08,2023-05-15,34,7.57037037037037,2.211111111111111,107.72,84.0,3.5553480614894135
category1_08,2023-05-22,42,7.57037037037037,2.211111111111111,107.72,84.0,3.7612001156935624
category1_08,2023-05-29,48,7.57037037037037,2.211111111111111,107.72,84.0,3.8918202981106265
category1_08,2023-06-05,44,7.57037037037037,2.211111111111111,108.08,86.0,3.8066624897703196
category1_08,2023-06-12,54,7.57037037037037,2.211111111111111,108.08,86.0,4.007333185232471
category1_08,2023-06-19,54,7.57037037037037,2.211111111111111,108.08,86.0,4.007333185232471
category1_08,2023-06-26,47,7.57037037037037,2.211111111111111,108.08,86.0,3.871201010907891
category1_08,2023-07-03,60,7.57037037037037,2.211111111111111,96.25,87.0,4.110873864173311
category1_08,2023-07-10,57,7.57037037037037,2.211111111111111,96.25,87.0,4.060443010546419
category1_08,2023-07-17,48,7.57037037037037,2.211111111111111,96.25,87.0,3.8918202981106265
category1_08,2023-07-24,59,7.57037037037037,2.211111111111111,96.25,87.0,4.0943445622221
category1_08,2023-07-31,41,7.57037037037037,2.211111111111111,96.25,87.0,3.7376696182833684
category1_08,2023-08-07,23,7.57037037037037,2.211111111111111,102.08,85.0,3.1780538303479458
category1_08,2023-08-14,21,7.57037037037037,2.211111111111111,102.08,85.0,3.091042453358316
category1_08,2023-08-21,25,7.57037037037037,2.211111111111111,102.08,85.0,3.258096538021482
category1_08,2023-08-28,27,7.57037037037037,2.211111111111111,102.08,85.0,3.332204510175204
category1_08,2023-09-04,50,7.57037037037037,2.211111111111111,107.45,84.0,3.9318256327243257
category1_08,2023-09-11,43,7.57037037037037,2.211111111111111,107.45,84.0,3.784189633918261
category1_08,2023-09-18,50,7.57037037037037,2.211111111111111,107.45,84.0,3.9318256327243257
category1_08,2023-09-25,41,7.57037037037037,2.211111111111111,107.45,84.0,3.7376696182833684
category1_08,2023-10-02,41,7.57037037037037,2.211111111111111,108.21,85.0,3.7376696182833684
category1_08,2023-10-09,44,7.57037037037037,2.211111111111111,108.21,85.0,3.8066624897703196
category1_08,2023-10-16,46,7.57037037037037,2.211111111111111,108.21,85.0,3.8501476017100584
category1_08,2023-10-23,20,7.57037037037037,2.211111111111111,108.21,85.0,3.044522437723423
category1_08,2023-10-30,20,7.57037037037037,2.211111111111111,108.21,85.0,3.044522437723423
category1_08,2023-11-06,22,7.57037037037037,2.211111111111111,108.59,89.0,3.1354942159291497
category1_08,2023-11-13,36,7.57037037037037,2.211111111111111,108.59,89.0,3.6109179126442243
category1_08,2023-11-20,24,7.57037037037037,2.211111111111111,108.59,89.0,3.2188758248682006
category1_08,2023-11-27,53,7.57037037037037,2.211111111111111,108.59,89.0,3.9889840465642745
category1_08,2023-12-04,32,7.57037037037037,2.211111111111111,108.22,89.0,3.4965075614664802
category1_08,2023-12-11,48,7.57037037037037,2.211111111111111,108.22,89.0,3.8918202981106265
category1_08,2023-12-18,69,7.57037037037037,2.211111111111111,108.22,89.0,4.248495242049359
category1_08,2023-12-25,72,7.57037037037037,2.211111111111111,108.22,89.0,4.290459441148391
category1_08,2024-01-01,37,7.57037037037037,2.211111111111111,98.31,91.0,3.6375861597263857
category1_08,2024-01-08,21,6.703703703703703,3.9518518518518517,98.31,91.0,3.091042453358316
category1_08,2024-01-15,29,1.1857142857142857,1.128042328042328,98.31,91.0,3.4011973816621555
category1_08,2024-01-22,25,3.642857142857143,4.2100529100529105,98.31,91.0,3.258096538021482
category1_08,2024-01-29,30,8.61058201058201,0.46825396825396826,98.31,91.0,3.4339872044851463
category1_08,2024-02-05,26,8.133862433862433,0.28835978835978837,99.81,89.0,3.295836866004329
category1_08,2024-02-12,21,9.248677248677248,5.998941798941798,99.81,89.0,3.091042453358316
category1_08,2024-02-19,26,10.203174603174604,1.307936507936508,99.81,89.0,3.295836866004329
category1_08,2024-02-26,19,8.204232804232804,6.8164021164021165,99.81,89.0,2.995732273553991
category1_08,2024-03-04,18,7.7026455026455025,4.467195767195767,106.63,91.0,2.9444389791664403
category1_08,2024-03-11,31,7.776190476190476,4.955555555555556,106.63,91.0,3.4657359027997265
category1_08,2024-03-18,40,11.357671957671958,1.8957671957671958,106.63,91.0,3.713572066704308
category1_08,2024-03-25,35,10.713756613756614,1.0015873015873016,106.63,91.0,3.58351893845611
category1_08,2024-04-01,20,10.396825396825397,8.231746031746031,107.91,90.0,3.044522437723423
category1_08,2024-04-08,32,14.37142857142857,2.883068783068783,107.91,90.0,3.4965075614664802
category1_08,2024-04-15,34,13.694179894179893,1.2396825396825397,107.91,90.0,3.5553480614894135
category1_08,2024-04-22,39,8.6994708994709,1.6973544973544974,107.91,90.0,3.6888794541139363
category1_08,2024-04-29,22,10.203174603174604,3.605820105820106,107.91,90.0,3.1354942159291497
category1_08,2024-05-06,26,13.23015873015873,5.556613756613757,108.34,91.0,3.295836866004329
category1_08,2024-05-13,41,15.81904761904762,1.3481481481481483,108.34,91.0,3.7376696182833684
category1_08,2024-05-20,22,14.936507936507937,5.607936507936508,108.34,91.0,3.1354942159291497
category1_08,2024-05-27,40,15.543915343915344,3.3952380952380956,108.34,91.0,3.713572066704308
category1_08,2024-06-03,48,15.644973544973546,2.4534391534391533,108.76,90.0,3.8918202981106265
category1_08,2024-06-10,57,17.074074074074073,1.6343915343915343,108.76,90.0,4.060443010546419
category1_08,2024-06-17,48,16.228042328042328,2.4857142857142858,108.76,90.0,3.8918202981106265
category1_08,2024-06-24,33,19.126984126984127,4.9,108.76,90.0,3.5263605246161616
category1_08,2024-07-01,30,20.703174603174602,2.522222222222222,97.09,91.0,3.4339872044851463
category1_08,2024-07-08,29,18.521164021164022,1.4851851851851852,97.09,91.0,3.4011973816621555
category1_08,2024-07-15,30,20.484126984126984,3.42962962962963,97.09,91.0,3.4339872044851463
category1_08,2024-07-22,17,22.1962962962963,1.744973544973545,97.09,91.0,2.8903717578961645
category1_08,2024-07-29,26,22.0010582010582,1.5772486772486773,97.09,91.0,3.295836866004329
category1_08,2024-08-05,27,23.568253968253966,1.5994708994708995,103.1,92.0,3.332204510175204
category1_08,2024-08-12,33,23.825396825396826,0.35608465608465606,103.1,92.0,3.5263605246161616
category1_08,2024-08-19,20,21.680423280423284,3.3312169312169315,103.1,92.0,3.044522437723423
category1_08,2024-08-26,22,20.19153439153439,1.8343915343915342,103.1,92.0,3.1354942159291497
category1_08,2024-09-02,32,22.142857142857142,1.4264550264550266,107.23,95.0,3.4965075614664802
category1_08,2024-09-09,52,18.90793650793651,8.315343915343915,107.23,95.0,3.970291913552122
category1_08,2024-09-16,30,14.183068783068782,1.4407407407407409,107.23,95.0,3.4339872044851463
category1_08,2024-09-23,34,17.242857142857144,3.591534391534392,107.23,95.0,3.5553480614894135
category1_08,2024-09-30,23,14.762962962962963,4.231746031746032,107.23,95.0,3.1780538303479458
category1_08,2024-10-07,21,13.747089947089947,2.8814814814814818,108.34,94.0,3.091042453358316
category1_08,2024-10-14,15,14.566137566137566,6.743915343915344,108.34,94.0,2.772588722239781
category1_08,2024-10-21,18,16.144973544973546,5.724867724867725,108.34,94.0,2.9444389791664403
category1_08,2024-10-28,26,14.215873015873017,2.8253968253968256,108.34,94.0,3.295836866004329
category1_08,2024-11-04,23,12.713227513227514,0.053968253968253964,108.52,90.0,3.1780538303479458
category1_08,2024-11-11,20,11.462962962962964,0.8222222222222223,108.52,90.0,3.044522437723423
category1_08,2024-11-18,18,8.05026455026455,1.2936507936507937,108.52,90.0,2.9444389791664403
category1_08,2024-11-25,19,8.264021164021164,5.595238095238095,108.52,90.0,2.995732273553991
category1_08,2024-12-02,23,8.22010582010582,1.8624338624338623,107.77,88.0,3.1780538303479458
category1_08,2024-12-09,28,7.112169312169312,2.9089947089947086,107.77,88.0,3.367295829986474
category1_08,2024-12-16,37,5.021164021164021,0.662962962962963,107.77,88.0,3.6375861597263857
category1_08,2024-12-23,71,7.431746031746031,3.1862433862433863,107.77,88.0,4.276666119016055
category1_08,2024-12-30,27,4.542328042328043,0.12751322751322752,107.77,88.0,3.332204510175204
category1_08,2025-01-06,13,5.835449735449736,4.523809523809524,99.99,92.0,2.6390573296152584
category1_08,2025-01-13,24,4.728571428571429,3.7285714285714286,99.99,92.0,3.2188758248682006
category1_08,2025-01-20,14,1.8925925925925926,0.30158730158730157,99.99,92.0,2.70805020110221
category1_08,2025-01-27,9,7.621693121693122,5.831216931216931,99.99,92.0,2.302585092994046
category1_08,2025-02-03,12,5.655026455026455,4.75026455026455,101.39,93.0,2.5649493574615367
category1_08,2025-02-10,12,4.928571428571429,2.13015873015873,101.39,93.0,2.5649493574615367
category1_08,2025-02-17,17,5.034391534391534,1.271957671957672,101.39,93.0,2.8903717578961645
category1_08,2025-02-24,12,9.02169312169312,1.7455026455026454,101.39,93.0,2.5649493574615367
category1_08,2025-03-03,12,6.7592592592592595,1.9613756613756612,107.21,91.0,2.5649493574615367
category1_08,2025-03-10,16,9.997883597883597,2.238095238095238,107.21,91.0,2.833213344056216
category1_08,2025-03-17,15,6.159259259259259,2.428042328042328,107.21,91.0,2.772588722239781
category1_08,2025-03-24,16,10.62063492063492,3.1492063492063496,107.21,91.0,2.833213344056216
category1_08,2025-03-31,27,10.187301587301588,0.4941798941798942,107.21,91.0,3.332204510175204
category1_08,2025-04-07,25,12.570370370370371,0.3058201058201058,108.06,91.0,3.258096538021482
category1_08,2025-04-14,36,12.845502645502647,1.5518518518518518,108.06,91.0,3.6109179126442243
category1_08,2025-04-21,20,12.154497354497353,6.33968253968254,108.06,91.0,3.044522437723423
category1_08,2025-04-28,26,13.342857142857143,1.6751322751322753,108.06,91.0,3.295836866004329
category1_08,2025-05-05,22,16.935978835978837,2.7740740740740737,108.39,88.0,3.1354942159291497
